1477 1000
97 860
1129 1864
1851 752
642 426
143 106
1713 8
30 1984
1338 206
1740 628
29 1107
593 0
245 1349
378 417
1970 1685
1023 896
1596 1802
963 742
1601 1879
1592 766
1550 1015
205 802
1871 1538
469 1992
1632 192
67 947
1208 782
1835 373
1185 344
1585 698
1338 43
964 403
1279 42
1930 451
1049 1203
1244 866
358 412
1638 1862
120 999
199 370
1325 1072
684 1499
299 1013
1598 594
593 1532
1309 516
1793 500
476 752
1849 1447
1572 146
916 796
13 1529
1214 782
1914 1440
185 1072
845 1941
820 1854
1751 373
699 1777
265 992
299 538
1942 1163
1895 394
1502 333
1418 698
1787 1168
1395 1060
1405 1716
1234 680
1531 1524
68 1209
1503 384
1525 1106
1466 854
1855 111
334 416
1196 1112
413 1107
322 98
342 113
164 994
1106 1519
1315 415
1063 1249
378 731
766 583
1727 758
855 1911
983 367
1524 964
1903 331
759 1301
722 1154
1877 90
964 598
150 1832
1337 1310
1808 238
1906 1253
759 860
1044 1459
1726 1832
656 1234
533 1631
773 702
1850 1270
829 912
196 1290
1418 1499
188 1054
62 1998
828 1410
1139 788
634 1190
1777 1786
1019 1153
1406 1889
108 1509
1052 1957
1486 33
450 218
1702 1857
1264 1102
1515 362
1331 710
282 1710
167 1067
184 28
1800 1383
1960 1665
2 1507
737 1550
275 1820
142 1920
1380 918
26 1513
1225 838
1171 1960
1382 653
76 1973
1551 110
763 542
1799 1237
1231 412
1961 1741
448 1399
1542 774
86 1725
1966 545
1858 1320
528 1265
639 1549
1723 444
1431 185
1624 1578
1161 516
1594 151
535 402
1643 925
1177 233
262 590
143 1040
1673 145
1787 1341
762 1603
1837 1156
1613 739
1838 746
354 122
335 1022
685 202
1706 48
1982 787
1178 1505
1385 1153
1096 1998
1509 842
51 917
1223 1261
1865 69
1366 1267
510 791
1303 738
1727 336
1904 460
929 752
1012 805
613 564
519 1271
257 1131
358 740
66 1592
1125 535
1696 1252
1183 1492
1572 434
1481 1635
1397 1672
312 449
951 332
1594 1884
306 1984
178 1929
247 312
1208 1928
1721 908
1408 832
1731 382
810 697
620 924
541 457
59 676
125 1392
1591 164
1911 264
379 1211
1490 825
1011 759
1690 1285
111 1854
240 231
595 1576
1871 609
942 1406
1370 1875
1645 1687
16 664
490 338
1781 61
1455 1991
1456 754
801 1336
1614 276
1284 1251
791 150
1670 1093
30 997
832 1483
1572 440
1631 457
304 1390
835 1482
769 753
755 1535
816 1275
1314 1074
1769 1344
933 601
1016 816
1315 1302
1615 783
1912 123
709 508
1120 119
1110 1469
474 390
1916 550
115 1120
710 1926
116 917
1871 970
1848 1906
1133 1721
167 1029
136 1992
1899 134
1358 1311
79 385
170 1388
856 1098
1188 1957
975 1303
537 1909
1167 1393
857 496
1080 894
1364 1571
1393 420
1109 1901
21 960
1667 892
112 469
792 597
627 291
775 1925
1877 9
1084 1752
1194 691
89 289
323 1788
1553 1457
918 1626
1401 1423
625 1062
22 153
1437 296
852 1101
1408 639
803 900
1818 505
1885 909
1335 805
450 1164
1704 224
1989 80
983 607
821 522
1447 1771
1123 227
260 1274
1635 1945
524 1063
1058 287
10 1692
562 571
188 726
216 650
3 59
1068 1141
1284 349
699 1804
289 775
1756 325
1092 409
1814 1834
1761 206
41 75
1046 784
688 1750
142 843
1555 1360
224 401
1526 1881
1239 1193
1358 1893
1305 773
887 1180
238 697
1943 210
859 430
1349 1164
736 1672
1853 1097
461 805
984 1130
1545 1814
921 1846
878 1066
14 1839
70 1715
1966 639
1901 552
1367 267
210 201
202 1798
119 1660
1734 1450
443 333
664 1109
164 788
674 412
1089 1870
184 1805
1688 163
847 346
805 461
1383 1550
449 1476
207 21
1658 783
1283 1929
1589 1188
1350 948
1199 1450
680 684
836 1140
1587 945
291 1223
492 1199
1147 1550
279 1540
160 975
304 293
848 1114
310 740
1118 423
1997 1646
362 884
869 1677
1155 1996
1880 397
911 1847
182 1088
1584 1860
750 110
1955 141
1451 71
1672 1539
397 1706
1466 566
1993 1280
189 1173
1918 1456
1193 607
53 570
407 1688
1183 1647
1897 1485
54 978
1915 33
801 1881
1412 1579
839 1987
1015 498
1200 510
1657 1077
1188 796
762 1617
1251 333
805 585
1949 510
1828 764
1256 1156
523 82
980 1654
1490 1230
1109 157
1837 211
1793 793
1733 1703
634 1423
1038 866
943 1287
1574 1495
1694 324
1640 1701
1203 1320
1833 1373
1454 680
917 1685
1894 45
1678 851
1768 1962
1309 1518
829 1325
1552 539
1171 1217
94 397
677 1437
740 119
1657 76
340 529
1091 1959
1802 726
318 800
548 1720
911 1088
1316 994
67 374
330 1222
1167 361
1209 614
191 653
1449 1232
366 423
433 1531
415 1214
1814 1915
62 1729
395 1429
709 1535
1247 1479
1144 638
960 141
1532 1810
491 1743
1071 1839
1972 224
868 1003
1944 818
1081 466
1129 1855
1909 1425
47 1525
1694 835
563 522
1886 985
1591 406
1367 1523
1993 308
222 1276
436 50
1509 326
235 1340
1814 1826
658 1634
1286 1089
1401 870
1811 1339
694 1279
227 1232
1052 1804
1279 358
705 1429
1741 1476
1259 810
1206 426
93 168
899 1376
789 629
1725 606
272 1930
16 341
1141 1741
1795 1261
469 1450
1081 1299
159 87
824 1813
215 1650
81 791
708 1065
1471 624
1575 1159
837 457
196 884
1558 1540
781 1472
1045 323
1719 1375
576 1663
199 64
1406 1195
365 1995
585 1374
1738 767
1334 1962
1803 1138
1482 997
1355 1357
1549 927
596 1462
72 1505
1960 33
578 1687
1531 75
72 1286
1914 48
1525 1696
1464 1721
424 824
1332 1486
1329 1383
4 1754
1724 714
1052 284
752 729
1061 1867
2 549
335 19
843 777
212 189
263 988
1525 1389
745 298
856 1440
334 133
1569 1213
1367 651
1737 111
1919 240
1820 1912
740 804
792 486
1236 1075
1128 1551
599 845
788 1136
1232 539
1221 408
1094 1765
910 608
1501 1468
555 1876
1329 1156
1704 1330
145 1630
987 1005
751 1614
1148 693
129 1416
1441 1471
1766 262
1661 148
1254 50
931 1478
1744 1910
1441 911
148 1545
123 1563
1447 1267
691 1832
1965 1054
1736 448
1174 1093
1245 605
103 825
318 1514
197 1058
1304 1002
281 208
1539 311
1072 1910
934 174
409 1075
1678 139
1974 517
1892 929
68 1669
34 1618
1514 1284
1776 1696
680 422
209 232
40 1244
1207 145
1064 844
1099 1797
398 577
1644 172
1761 427
936 370
653 1919
1928 819
1563 339
1965 1739
1473 1765
807 1303
808 753
872 1806
537 149
1912 1647
1015 344
1394 110
1784 44
191 1489
1632 1588
201 707
483 760
265 453
404 323
70 1386
1776 238
1474 1116
763 1238
430 1982
1006 1023
143 1937
1182 511
839 242
752 286
1908 1359
1821 1075
127 846
1042 1527
928 271
442 1879
914 942
599 1387
1922 603
1226 205
1928 682
1518 1265
794 148
558 1212
414 218
1333 563
1461 905
1300 1334
646 482
1955 1537
1533 302
1161 1481
527 172
777 163
1899 971
1818 1648
1488 1963
279 642
1401 1864
403 213
1883 817
530 628
1166 412
612 1605
939 884
1348 763
1971 738
816 1832
1049 1607
1852 355
509 840
1247 523
943 1739
291 1830
1501 1623
531 65
301 1489
1989 1691
1733 1979
130 1855
1678 1182
1406 496
622 1081
762 1422
1135 851
519 1144
984 227
1147 1462
1968 1156
1466 522
207 372
1066 962
952 1223
1381 1642
1229 566
1555 1363
1600 245
1639 1089
1826 1020
1843 623
1323 1713
593 600
539 1307
1518 1870
99 664
0 1458
849 1138
486 1143
989 1237
1707 1379
286 809
1305 167
847 1390
1878 314
853 1739
446 75
289 1596
247 927
1916 1416
1331 479
1638 1849
1044 1434
1513 1701
822 240
389 1904
1386 966
1301 1106
1973 840
1900 223
1877 1242
768 1384
758 796
1443 1802
1790 461
642 344
838 1015
786 539
1667 182
1652 174
96 670
1589 1575
817 1838
1324 571
1408 162
1902 738
1090 112
1265 1773
528 1300
573 1667
669 753
1527 1951
314 1695
1214 881
1295 1744
1284 1480
1813 1676
169 1444
1076 1623
659 85
454 807
914 1156
1808 1709
1956 1265
162 130
271 1557
1569 213
1702 1563
1882 1598
1822 604
1631 1334
1794 866
192 1048
85 1460
366 1367
1752 688
76 1336
525 1290
1914 652
603 207
1016 897
1798 985
159 1794
778 781
403 558
667 1457
52 184
981 31
1373 627
385 1784
1755 1815
371 54
1593 495
883 823
828 1897
1348 761
1757 1724
242 751
129 1068
326 557
552 1792
727 1385
738 1000
277 1273
1668 1405
1152 1574
1429 1985
1932 1951
48 945
1013 546
1978 971
1597 191
1770 577
1425 1552
1688 177
1351 1517
1149 1180
1697 1916
1189 1276
59 1604
208 1874
1173 527
565 1246
1324 1056
958 904
1134 941
264 651
82 916
711 868
667 1386
634 1636
1371 1440
1339 63
1996 1409
792 219
1765 1961
1577 474
1402 997
261 1232
686 1680
1714 1453
794 1062
1314 219
1428 1687
931 1156
1076 665
1096 771
988 1669
875 759
37 1170
782 856
1055 293
1351 1815
1126 884
1525 636
709 1578
714 1163
1806 1084
1052 1398
1905 6
907 1171
1486 1290
424 1108
1925 445
807 167
1290 1052
1907 1768
737 1749
102 606
1054 1502
70 1329
1152 326
1470 61
896 684
652 349
803 102
80 401
1507 133
1773 1779
1296 1147
467 1814
1611 858
1448 1221
441 378
1992 1341
281 1566
1733 1080
300 1707
812 1886
721 1574
1645 209
1763 595
1081 921
1282 1397
1507 767
381 1733
1541 1233
895 578
1800 1969
178 855
265 366
1153 1315
1321 1388
884 202
1451 1377
549 1796
388 146
593 1903
1702 549
110 1830
1328 202
1355 1512
336 1403
1113 898
711 1660
729 275
994 1976
1132 512
808 597
1066 1738
592 1366
1989 1518
1981 1654
240 1498
427 124
1629 1988
1063 554
1122 911
1764 686
1560 1645
1129 1720
22 1116
211 599
1295 107
1600 1033
1758 16
1866 1520
1307 1568
751 1674
597 1652
675 1186
1123 1654
622 494
896 68
1002 1944
1157 522
747 1904
1660 286
1572 1162
1639 846
160 155
259 667
1893 389
695 1831
201 689
1110 284
1958 479
793 33
979 1597
1693 446
989 1732
1573 1141
6 200
114 1221
348 1227
207 84
1824 1080
393 37
1330 463
1639 610
643 614
